  0.000000000000000E+000
  -8.98990817418176     
  -8.98990817347703     
  -8.98990817358578     
   4.38403932916842     
   4.17017345325841     
   4.38403932916458     
   4.17017345330488     
  -1.22886519406457     
  -3.35875196026126     
   4.17017345354176     
   4.38403932887189     
  -2.05218286079811     
   4.38403932888487     
   4.17017345330747     
  -2.05218286068175     
  -1.83807839143497     
  -1.22886519394700     
  -3.35875196013230     
  -2.04739334716341     
  -2.04739334704177     
  0.551863438330501     
   1.62196535316177     
  0.551863438282622     
   1.62196535310368     
   4.17017345354525     
   4.38403932892425     
  -2.05218286079996     
  -1.83807839153003     
  -2.05218286070173     
  0.905818922579122     
   4.17017345326869     
   4.38403932893930     
  -1.83807839141801     
  -2.05218286070452     
  -2.05218286068286     
  0.905818922530880     
  -1.22886519397062     
  -3.35875196016198     
  -2.04739334716317     
  -2.04739334706365     
  0.551863438332653     
   1.62196535315947     
  0.905818922579247     
  0.905818922539048     
 -0.240743852693311     
 -0.732591398169276     
  0.551863438292721     
   1.62196535311616     
  -2.04739334704986     
  -2.04739334706873     
  0.905818922531471     
  0.905818922539573     
  0.551863438284366     
 -0.240743852673580     
   1.62196535310597     
 -0.732591398144806     
  0.551863438291993     
 -0.240743852676901     
   1.62196535311885     
 -0.732591398150373     
   263.021111794534     
   5.16991732130905     
 -0.270080920106161     
 -0.270080920107357     
   7.69520498827893     
   15.9337071702701     
  -109.006509617754     
 -8.624235313188139E-002
 -0.334035390573904     
  -3.75499744373317     
  -13.0120847531155     
  -3.47127386923790     
   1.41905038958857     
   7.69520498798571     
  -109.006509617802     
   15.9337071704532     
 -8.624235314305162E-002
 -0.334035390582435     
  -6.75265869749187     
  -6.75265869724963     
   44.7365901103295     
 -0.596902479035290     
  -3.75499744359484     
  -13.0120847532723     
  -3.47127386923697     
   1.41905038959492     
 -0.596902479041218     
  -8.21067890747366     
  -8.21067890730831     
   43.3519997062305     
  7.914976647164779E-002
   1.66963197459863     
   1.66963197452470     
   3.47098064932931     
   4.80662131871501     
   3.47482141757645     
   3.47482141765667     
  -3.09854059539738     
  -2.07628239134527     
  -3.09854059539381     
  -2.07628239136753     
   2.56432491084978     
  0.970068101127654     
   15.9337071705212     
   7.69520498790910     
  -109.006509617841     
  -2.59879109024548     
  0.400656939051083     
  -5.69484319261173     
  -5.69484319243157     
  -8.64580705955125     
  -3.94913551509988     
   42.9357708581126     
  0.185578876358439     
   3.88375270816472     
  0.847247890634558     
   1.73217579310378     
   3.66774738454824     
  -1.91973184838938     
  -2.03630806329010     
   1.30622222017190     
  -13.0120847531557     
  -3.75499744345375     
   8.06425162302266     
 -0.270080919949494     
   5.16991732114450     
 -0.270080920083225     
  0.400656938983990     
  -2.59879109018110     
 -0.803442296473391     
  0.139477289268514     
  0.518933075469179     
  2.215788907755206E-002
 -0.334035390641861     
 -8.624235306798372E-002
  0.558924587506643     
   1.41905038952702     
  -3.47127386917570     
 -0.139101623682229     
  -109.006509617615     
   7.69520498719625     
   15.9337071706641     
 -0.803442296411987     
  0.139477289277853     
  -8.64580705933916     
   42.9357708579777     
  -3.94913551479446     
  0.558924587479744     
   8.06425162295538     
 -0.139101623707289     
   42.1138128821123     
  -9.11108473707246     
  -9.11108473714363     
  0.240143636387214     
  -17.9603821592700     
   6.37354320945535     
 -0.734729016494486     
  -13.6060340995715     
  -1.00550371872376     
  -1.69336147717097     
  0.733683468258191     
  0.936573755808999     
  -6.75265869732888     
   44.7365901100999     
  -6.75265869703272     
  0.518933075447246     
   3.88375270808149     
  -17.9603821592188     
  6.549925179645977E-003
 -8.624235306184819E-002
 -0.334035390584845     
  0.185578876325817     
  0.240143636388127     
 -0.596902479071299     
  -3.75499744330292     
  -13.0120847533668     
  0.847247890527719     
   6.37354320949319     
  -8.21067890709500     
   43.3519997063957     
  -8.21067890695515     
  2.215788904252769E-002
   3.66774738438712     
  -13.6060340996724     
   1.25345442566173     
   1.66963197441945     
  7.914976644049151E-002
   1.66963197442752     
  -3.47127386917658     
   1.41905038958532     
   1.73217579307679     
 -0.734729016491668     
 -0.596902479070937     
   3.47098064931263     
  -7.46190774277027     
  -7.46190774265565     
   46.8147022487148     
  0.305959679074819     
  7.107852078667282E-002
   4.25821682630583     
   6.11739985798352     
   3.45212493353051     
   3.09099213118368     
  -19.4430676530321     
  0.208151827393681     
  -1.54104876626069     
   1.52656103405825     
 -0.864316644092049     
  0.265420139478766     
   2.18297983160338     
   2.15872091421727     
 -0.994462452569733     
   6.42180166116811     
   4.40806024565453     
  -17.0616410870392     
 -0.166192824966834     
  -2.28173394967686     
 -0.251951856606930     
  -1.65456439212450     
  -3.66474257076878     
   1.31548079369608     
   1.20489659373495     
  -1.14634390289565     
 -0.370258068186146     
   6.11739985799205     
   4.25821682622133     
  -2.44528425587358     
  -5.34768078451832     
  7.107852081544805E-002
  0.305959679046614     
 -0.290616498905614     
 -0.263051160882412     
   3.45212493347634     
  -19.4430676528899     
   3.09099213110995     
 -0.290616498895885     
  -2.44528425586693     
   8.02349639386177     
 -9.241966905532523E-002
  -1.16996335657688     
   7.62231513190907     
 -9.943232827537915E-002
  -1.54104876620266     
  0.208151827408041     
  -3.46028972344971     
  -3.46028972346548     
   1.85647092399617     
  -2.17714986267463     
  -2.40934722276071     
  0.691229388299029     
   3.24180712082954     
   2.15872091433192     
   2.18297983153379     
  -1.16996335663167     
  -1.46226478524919     
 -0.994462452544323     
 -0.864316644064860     
   1.52656103403469     
 -9.241966906182530E-002
  0.469398849272667     
  0.265420139492042     
   6.42180166102637     
  -17.0616410870976     
   4.40806024551835     
 -0.263051160867783     
  -5.34768078447527     
   7.62231513198950     
  0.469398849290904     
  -1.46226478516547     
   2.04536086649932     
 -0.804744313832652     
  -2.28173394961289     
 -0.166192824952375     
 -0.251951856576105     
   1.85647092399270     
  0.682126066276871     
  -3.66474257069151     
  -1.65456439211480     
  -2.40934722283357     
  -2.17714986265879     
  0.682126066322203     
  0.691229388297587     
   3.24180712079822     
   3.47482141771612     
   4.80662131867892     
   3.47482141760926     
  -2.03630806334932     
  -1.91973184837251     
  -1.00550371877843     
  -1.69336147714590     
  6.549925213771984E-003
   1.25345442567724     
  -2.07628239140241     
  -3.09854059538859     
  0.733683468281699     
  -3.09854059539658     
  -2.07628239135953     
   1.30622222017239     
  0.936573755803785     
   2.56432491086010     
  0.970068101124696     
   1.20489659376165     
   1.31548079369331     
 -9.943232829294407E-002
 -0.804744313839190     
  -1.14634390289986     
 -0.370258068186007     
   15.9337071700768     
  -109.006509617688     
   7.69520498824919     
  -2.59879109025113     
  0.400656939048163     
  -3.94913551527184     
  -8.64580705923468     
   42.9357708579955     
  0.185578876356957     
  0.847247890704589     
   1.73217579310224     
  -5.69484319245283     
  -5.69484319261693     
   3.88375270802691     
   3.66774738446720     
  -1.91973184838728     
  -2.03630806330893     
   1.30622222017185     
  -9.11108473711080     
  -9.11108473686766     
   42.1138128821697     
   1.24365542476503     
   2.71421455443891     
   2.71421455435589     
  0.778579466003937     
   6.37354320942125     
  0.139477289220825     
 -0.803442296416021     
 -0.178495896328996     
  0.240143636406799     
 -0.734729016470072     
   42.9357708579417     
  -3.94913551527566     
  -8.64580705952115     
 -0.178495896352659     
  -16.1192082750200     
   2.71421455444577     
  0.886890298274968     
  -17.9603821591749     
  0.558924587482674     
   8.06425162305802     
  -13.6060340996635     
 -0.139101623707762     
   3.98715133512578     
   5.10041792673350     
  -18.0684345755197     
 -0.190090386237693     
  -1.47541185446152     
  -1.62335370599716     
 -0.724935626872905     
  -1.38509668145648     
  -2.06361102524669     
 -0.561299416785448     
  -2.91147748856420     
 -6.404794405022002E-002
   7.89349163596188     
   1.37043163953449     
   1.14506955475332     
  -1.18985718479047     
  0.415269966985155     
   5.30305200988611     
  0.804628324298311     
  -1.69336147719898     
  -1.00550371873486     
  0.886890298290544     
  0.936573755825042     
  0.733683468263526     
 -0.483108445685281     
  -13.0120847529342     
  -3.75499744385588     
   8.06425162283467     
   6.37354320931222     
  0.847247890777012     
  -4.10002566548073     
  -109.006509617422     
   15.9337071693776     
   7.69520498837246     
  0.139477289279825     
 -0.803442296420951     
  -9.11108473695109     
   42.1138128820020     
  -9.11108473660161     
  0.240143636383663     
   6.37354320938352     
 -0.734729016495929     
   42.9357708578948     
  -8.64580705948131     
  -3.94913551529570     
  0.558924587486609     
  -17.9603821592512     
   8.06425162304228     
 -0.139101623705339     
  -13.6060340995048     
  -1.69336147713734     
  -1.00550371874878     
  0.936573755799244     
  0.733683468264432     
  -3.94913551505276     
   42.9357708579531     
  -8.64580705903132     
 -0.178495896355311     
   2.71421455434217     
  -16.1192082750343     
  0.886890298264978     
  0.847247890574837     
  -2.59879109018914     
  0.400656939044460     
   1.24365542473998     
 -0.178495896351791     
  0.185578876330873     
   1.73217579307953     
  -5.69484319213938     
  -5.69484319264840     
   2.71421455423447     
   2.71421455444744     
   3.88375270796269     
   3.66774738433079     
   3.98715133505960     
  -18.0684345754714     
   5.10041792666369     
 -6.404794404038266E-002
  -2.91147748855432     
   7.89349163601270     
  0.415269966997340     
  -1.18985718473653     
   5.30305200982890     
 -0.483108445673484     
  -1.47541185442467     
 -0.190090386226973     
  -1.62335370597898     
   1.37043163953895     
  0.804628324270567     
  -1.38509668141937     
 -0.724935626863175     
  -2.06361102519192     
   1.14506955474807     
  -1.91973184837364     
  -2.03630806330927     
  0.778579466000662     
  0.886890298269919     
   1.30622222016937     
 -0.561299416786062     
   44.7365901100345     
  -6.75265869737404     
  -6.75265869744751     
  0.518933075445475     
  -17.9603821591695     
   3.88375270812302     
  6.549925196007320E-003
  -17.9603821592281     
  0.518933075446752     
   3.88375270814762     
   7.75480122007453     
  6.549925187466395E-003
  -13.0120847527313     
  -3.75499744368962     
   6.37354320923439     
  0.847247890700642     
   8.06425162281964     
  -4.10002566547851     
   43.3519997061206     
  -8.21067890759666     
  -8.21067890743331     
  2.215788905878630E-002
  -13.6060340995397     
   3.66774738461047     
   1.25345442565539     
  -13.6060340995586     
  2.215788904559785E-002
   3.66774738453798     
   5.33343551591417     
   1.25345442567220     
   1.66963197472120     
   1.66963197456949     
 -0.270080919946513     
 -0.270080920083069     
   5.16991732117251     
 -0.803442296473893     
  0.139477289272059     
  0.400656938981227     
  -2.59879109019599     
  0.518933075469607     
  2.215788908149358E-002
  0.139477289217124     
 -0.803442296411237     
 -0.178495896326901     
  0.400656939041802     
  -2.59879109019731     
 -0.178495896352602     
   1.24365542474402     
  0.518933075446903     
  2.215788904432170E-002
  0.387950300223494     
  0.387950300198348     
 -0.249525216274651     
 -3.612866979986093E-002
 -0.249525216265249     
 -3.612866978380658E-002
 -0.334035390648117     
 -8.624235308099965E-002
  0.558924587509286     
  0.240143636411978     
  0.185578876336260     
 -0.313828039126184     
 -0.334035390589345     
 -8.624235306700589E-002
  0.240143636388811     
  0.185578876330316     
  0.558924587482709     
 -0.313828039115495     
  7.914976644627869E-002
   1.41905038953288     
  -3.47127386920119     
 -0.139101623686005     
 -0.734729016472573     
   1.73217579308998     
  9.252596701023741E-002
 -0.596902479068059     
   1.41905038958577     
  -3.47127386920878     
 -0.734729016494377     
   1.73217579309104     
 -0.139101623709515     
  9.252596701987983E-002
 -0.596902479056635     
   3.47098064933962     
  -7.46190774262137     
   46.8147022486099     
  -7.46190774283158     
  0.305959679079135     
  7.107852079269322E-002
   3.09099213131976     
   3.45212493341042     
  -19.4430676529825     
  0.208151827391922     
   4.25821682626108     
   6.11739985807683     
  -1.54104876623786     
   1.52656103406343     
 -0.864316644093431     
  0.265420139477361     
   4.40806024575657     
   6.42180166106343     
  -17.0616410869584     
 -0.166192824966208     
 -0.251951856648823     
  -2.28173394964072     
  -1.65456439212170     
   2.18297983154629     
   2.15872091431799     
 -0.994462452500590     
  -3.66474257074727     
   1.31548079369547     
   1.20489659373735     
  -1.14634390289528     
 -0.370258068186247     
   5.10041792690505     
   3.98715133505016     
  -18.0684345755223     
 -0.190090386239163     
  -1.62335370606993     
  -1.47541185444243     
 -0.724935626875213     
  -2.06361102529143     
  -1.38509668142893     
 -0.561299416785635     
  -4.10002566557164     
  0.387950300223235     
  0.387950300201986     
 -0.249525216273644     
 -3.612866979969384E-002
 -0.313828039124192     
  9.252596700835145E-002
  -18.0684345754573     
   3.98715133516328     
   5.10041792688104     
 -6.404794404276770E-002
   7.89349163599705     
  -2.91147748860164     
  0.415269966995893     
   5.30305200982066     
  -1.18985718478828     
 -0.483108445675635     
   7.75480122004935     
 -0.313828039115941     
  -4.10002566558030     
   5.33343551596588     
  9.252596701803709E-002
  -1.63879576102399     
  -1.63879576096164     
   8.10109334247736     
 -8.046864812747494E-002
  0.552287582561858     
  0.452020507544485     
 -8.046864812736437E-002
  0.452020507555281     
  0.552287582525859     
  0.468161736534029     
   1.00737647616014     
  0.136665656933643     
  -3.50193436500435     
 -0.254329504730431     
  0.496650531090851     
  4.985313677130740E-002
  -3.11715769834574     
  -3.62629900930222     
  -3.62629900924664     
   7.60801234029453     
  0.101843594302988     
  0.683804552229710     
  0.683804552210925     
  0.734242157521601     
   2.08564971610063     
   2.08564971609166     
  0.186871693706311     
   2.91250750888298     
  0.169128396570251     
  -3.41422241951269     
 -0.758606170944195     
  -1.95882798069476     
  0.922827548674299     
 -0.227461033380355     
 -0.863974943887754     
 -3.816331520462916E-002
  0.464823520633601     
  0.464823520611561     
  9.207717590657585E-002
 -0.585189341708058     
 -0.315586201378613     
 -0.315586201369397     
 -2.073744047846092E-003
  0.338262142582487     
   6.11739985793145     
   4.25821682641968     
  -2.44528425580161     
  -5.34768078445815     
  -2.91147748853843     
  -1.47541185452068     
   1.00737647612724     
   2.91250750885730     
  -19.4430676528378     
   3.45212493350845     
   3.09099213129121     
 -0.290616498894769     
   8.02349639387700     
  -2.44528425588311     
 -9.241966905385357E-002
   7.62231513184285     
  -1.16996335661144     
 -9.943232828258358E-002
   7.89349163598379     
 -0.249525216265918     
  -1.62335370605925     
  -3.50193436503497     
  -3.41422241950981     
  9.207717592108094E-002
  -1.54104876635165     
  7.107852081931984E-002
  0.305959679055134     
 -0.290616498907243     
 -0.263051160885139     
 -6.404794405317479E-002
 -0.190090386230056     
  0.136665656935478     
  0.169128396570808     
  0.208151827400976     
  -3.46028972344204     
  -3.46028972354557     
   1.85647092398056     
   1.37043163953438     
   1.37043163957876     
 -0.758606170939031     
  -2.17714986265576     
  -2.40934722287848     
  0.691229388261809     
   3.24180712080223     
   1.14506955475021     
  0.804628324322780     
 -0.254329504714747     
  -1.95882798068828     
   2.15872091421544     
   2.18297983158741     
  -1.16996335656215     
  -1.46226478519735     
  -1.18985718473569     
  -1.38509668145742     
  0.496650531054580     
  0.922827548646022     
 -0.994462452528770     
  -17.0616410869556     
   6.42180166125257     
   4.40806024574116     
 -0.263051160878430     
   7.62231513191356     
  -5.34768078457474     
  0.469398849284557     
   2.04536086644153     
  -1.46226478526597     
 -0.804744313825745     
   5.30305200983789     
 -3.612866978543411E-002
  -2.06361102528582     
  -3.11715769831156     
 -0.863974943874300     
 -0.585189341705591     
  -2.28173394975584     
 -0.251951856647473     
 -0.166192824955845     
   1.85647092404578     
  0.682126066364874     
  -3.66474257077614     
 -0.864316644067484     
   1.52656103404604     
 -9.241966906076671E-002
  0.469398849274429     
  0.415269966986337     
 -0.724935626868156     
  4.985313677082651E-002
 -0.227461033381472     
  0.265420139489478     
  -1.65456439212646     
  -2.40934722280377     
  -2.17714986269309     
  0.682126066306746     
  0.804628324285285     
   1.14506955476742     
 -3.816331519575476E-002
  0.691229388292049     
   3.24180712084365     
   46.8147022484052     
  -7.46190774231861     
  -7.46190774290404     
  0.387950300198637     
  0.387950300204020     
   5.10041792678442     
  -18.0684345753904     
   3.98715133493541     
 -0.313828039114444     
  -4.10002566553157     
  9.252596701945021E-002
  -18.0684345753978     
   5.10041792687460     
   3.98715133518314     
 -0.313828039117590     
   7.75480122006130     
  -4.10002566557616     
  9.252596701717111E-002
   5.33343551586964     
  0.464823520608988     
  0.464823520621315     
 -0.315586201368060     
 -0.315586201371483     
   3.09099213123083     
  -19.4430676527878     
   3.45212493333664     
 -0.249525216265334     
  -1.62335370602668     
   7.89349163593686     
  9.207717592191103E-002
  0.305959679047940     
  7.107852079003368E-002
 -0.190090386226107     
 -6.404794404151123E-002
  0.208151827405702     
   4.25821682615649     
   6.11739985812243     
  -1.47541185440429     
  -2.91147748861604     
  -1.54104876621604     
  -1.63879576099715     
   8.10109334236945     
  -1.63879576093759     
  0.136665656930844     
   1.00737647615643     
  -3.50193436499489     
  4.985313676809872E-002
  0.496650531065240     
  -3.11715769828457     
 -2.073744055685407E-003
  0.552287582546857     
 -8.046864813310008E-002
  0.452020507537954     
 -0.254329504730240     
   4.40806024554460     
  -17.0616410870472     
   6.42180166095706     
 -3.612866978368556E-002
  -2.06361102520388     
   5.30305200986182     
 -0.585189341701318     
 -0.251951856565897     
 -0.166192824952553     
  -2.28173394961613     
  0.452020507531946     
   1.52656103403610     
 -0.864316644092956     
 -0.724935626862939     
  0.415269966996279     
  0.265420139491296     
 -8.046864813336554E-002
  -1.65456439211458     
   2.18297983138756     
   2.15872091431405     
  -1.38509668136566     
  -1.18985718478308     
 -0.994462452478271     
  0.552287582519202     
  -3.66474257064822     
  -3.62629900922311     
   7.60801234030778     
  -3.62629900920893     
  0.169128396563715     
   2.91250750885856     
  -3.41422241954876     
 -0.227461033388779     
  0.922827548632848     
 -0.863974943873585     
  0.338262142579867     
  0.683804552199999     
  0.101843594296819     
  0.683804552205707     
 -0.758606170942515     
 -3.816331518660356E-002
   2.08564971606017     
  0.734242157517012     
   2.08564971604988     
  -1.95882798068178     
   1.31548079369878     
   1.20489659374185     
 -0.561299416788001     
 -0.483108445675454     
  -1.14634390289990     
  0.468161736536460     
 -0.370258068187599     
  0.186871693707982     
  -19.4430676528387     
   3.09099213126788     
   3.45212493354320     
 -0.249525216265394     
   7.89349163595250     
  -1.62335370605085     
  9.207717591576545E-002
   8.02349639380133     
 -0.290616498892177     
  -2.44528425589690     
  -3.50193436498618     
   7.62231513196430     
 -9.241966905556859E-002
  -1.16996335662080     
  -3.41422241954725     
 -9.943232828170612E-002
   6.11739985781058     
   4.25821682634446     
  -2.91147748849035     
  -1.47541185448780     
  -2.44528425579430     
   1.00737647612537     
  -5.34768078442537     
   2.91250750884528     
  -1.54104876627943     
  7.107852079331572E-002
  0.305959679046648     
 -6.404794404207972E-002
 -0.190090386226401     
 -0.290616498897231     
  0.136665656931359     
 -0.263051160869547     
  0.169128396563711     
  0.208151827406625     
   8.10109334238218     
  -1.63879576101369     
  -1.63879576102747     
  0.136665656930127     
  -3.50193436501463     
   1.00737647616298     
  4.985313676840009E-002
  -3.11715769827410     
  0.496650531081391     
 -2.073744052858817E-003
  -3.50193436498942     
  0.136665656929247     
   1.00737647616798     
   1.47857080206097     
   1.86550105203478     
  -3.11715769832524     
  4.985313676924527E-002
  0.496650531086126     
   1.86550105206952     
  0.741425746276163     
 -2.073744054477644E-003
  0.552287582540754     
  0.452020507569628     
 -8.046864813284703E-002
 -0.254329504727246     
  -3.46028972340199     
  -3.46028972353199     
   1.37043163951703     
   1.37043163957183     
   1.85647092397953     
 -0.758606170938834     
  -2.17714986256442     
  -2.40934722282343     
   1.14506955471322     
  0.804628324300964     
  0.691229388258287     
 -0.254329504713210     
   3.24180712075527     
  -1.95882798066847     
  -17.0616410868791     
   4.40806024584033     
   6.42180166121042     
 -3.612866979189822E-002
   5.30305200978677     
  -2.06361102532866     
 -0.585189341702321     
   7.62231513183881     
 -0.263051160873481     
  -5.34768078456346     
  -3.11715769827597     
   2.04536086646913     
  0.469398849292272     
  -1.46226478523748     
 -0.863974943871378     
 -0.804744313833926     
 -0.251951856716873     
  -2.28173394969092     
 -0.166192824955012     
  0.452020507601803     
   1.85647092402320     
  0.682126066325884     
   2.15872091413759     
   2.18297983164791     
  -1.18985718470827     
  -1.38509668147202     
  -1.16996335654518     
  0.496650531052110     
  -1.46226478516661     
  0.922827548635899     
 -0.994462452561332     
  0.552287582553275     
  -3.66474257079059     
 -0.864316644090951     
   1.52656103405113     
  0.415269966996257     
 -0.724935626869456     
 -9.241966905198196E-002
  4.985313676698055E-002
  0.469398849288131     
 -0.227461033387105     
  0.265420139484684     
 -8.046864813048291E-002
  -1.65456439212899     
   7.60801234023587     
  -3.62629900935728     
  -3.62629900932688     
  0.169128396568724     
  -3.41422241950539     
   2.91250750891525     
 -0.227461033385280     
 -0.863974943849557     
  0.922827548686426     
  0.338262142578455     
  -3.41422241948705     
  0.169128396566006     
   2.91250750890415     
   1.86550105202889     
  0.741425746264332     
 -0.863974943882302     
 -0.227461033388863     
  0.922827548670382     
  0.741425746283473     
 -0.232781114052449     
  0.338262142580873     
  0.683804552272072     
  0.683804552243109     
  0.101843594298192     
 -0.758606170969309     
 -3.816331522566575E-002
 -0.758606170958365     
 -3.816331521018480E-002
   2.08564971612006     
   2.08564971611375     
  0.734242157523757     
  -1.95882798071152     
  -2.40934722278025     
  -2.17714986273641     
  0.804628324280371     
   1.14506955477962     
  0.682126066304717     
 -3.816331519786921E-002
  0.691229388307542     
 -0.254329504732392     
   3.24180712086382     
  -1.95882798071400     
   3.47482141771168     
   3.47482141743036     
   4.80662131875033     
  -1.00550371877813     
  -1.69336147708231     
  -2.03630806333171     
  -1.91973184839852     
  6.549925202216707E-003
   1.25345442567207     
  -1.69336147719475     
  -1.00550371866422     
  0.886890298282507     
  -2.03630806323396     
  -1.91973184839820     
  0.886890298244499     
  0.778579466008147     
  6.549925160231097E-003
   1.25345442563910     
  0.464823520632891     
  0.464823520586749     
  9.207717591375415E-002
 -0.585189341707562     
  9.207717592932264E-002
 -0.585189341693897     
  -2.07628239140079     
  -3.09854059540635     
  0.733683468281366     
  0.936573755822800     
   1.30622222017417     
 -0.315586201377982     
  -2.07628239127938     
  -3.09854059542020     
  0.936573755773879     
   1.30622222017991     
  0.733683468232247     
 -0.315586201357768     
   2.56432491086743     
  0.970068101122882     
   1.20489659375258     
   1.31548079369973     
 -9.943232828730403E-002
 -0.804744313835912     
 -0.483108445681107     
 -0.561299416787073     
 -2.073744051560196E-003
  0.338262142582398     
  -1.14634390290208     
 -0.370258068184548     
   1.20489659370808     
   1.31548079370479     
 -0.483108445663269     
 -0.561299416789020     
 -9.943232826864876E-002
 -2.073744058336560E-003
 -0.804744313820196     
  0.338262142574955     
  -1.14634390290256     
  0.468161736537245     
 -0.370258068183451     
  0.186871693705241     
  -11.5443607312793     
  -11.5443607308821     
  -11.5443607310207     
  -11.5443607311528     
  -11.5443607299991     
  -11.5443607314399     
   8.09643023015447     
   7.23947979073377     
  0.369528120714042     
  -3.70842105051850     
   8.09643023044327     
   7.23947979135006     
   1.12400662968891     
   2.86004040092324     
  0.369528120765689     
  -3.70842105056578     
   1.12400662962718     
   2.86004040091059     
   7.23947979107650     
   8.09643022985441     
 -6.754774034297945E-002
  -3.70842105062046     
  0.369528120806427     
   1.07093859108203     
   8.09643023020900     
   7.23947979125696     
   1.07093859101881     
   2.16030611061269     
   1.12400662965893     
   2.86004040082647     
  0.369528120959253     
  -3.70842105059239     
 -6.754774041966977E-002
   2.16030611061870     
   1.12400662958757     
   2.86004040078974     
  -4.87383715525624     
  -4.87383715514716     
 -0.561295843698724     
  -1.41785884359132     
 -0.561295843685823     
  -1.41785884354062     
 -0.441139709404695     
 -0.441139709389722     
  2.250567402094394E-003
  0.991827643414023     
  2.250567393528025E-003
  0.991827643399703     
   7.23947979132206     
   8.09643023039344     
 -6.754774031137156E-002
   2.16030611063560     
   1.07093859105896     
  0.370149747066172     
  -3.70842105048035     
  0.369528120761521     
   1.07093859100378     
   2.16030611056616     
 -6.754774032483207E-002
 -0.782168206926284     
   7.23947979113162     
   8.09643023034371     
   2.16030611058414     
   1.07093859105202     
 -6.754774036515404E-002
  0.370149747058058     
   1.12400662963360     
   2.86004040092558     
  -3.70842105036377     
  0.369528120693802     
   2.16030611052398     
 -6.754774030991761E-002
   1.07093859096823     
 -0.782168206916084     
   1.12400662967395     
   2.86004040092082     
  -4.87383715542572     
  -4.87383715538841     
 -0.561295843733772     
  -1.41785884360077     
 -0.782168206968385     
 -0.782168206956148     
 -7.035992122501228E-002
 -0.568769450164733     
 -0.561295843720856     
  -1.41785884360081     
 -0.441139709380594     
 -0.441139709402824     
  2.250567382719004E-003
  0.991827643410786     
  0.370149747054946     
  0.370149747066220     
 -7.035992121487850E-002
 -0.568769450162659     
  2.250567393024372E-003
  0.991827643411295     
  -4.87383715528529     
  -4.87383715538312     
 -0.782168206936024     
 -0.782168206955645     
 -0.561295843714847     
 -7.035992121998075E-002
  -1.41785884354686     
 -0.568769450158005     
 -0.561295843705974     
 -7.035992122001913E-002
  -1.41785884361780     
 -0.568769450166603     
 -0.441139709367828     
 -0.441139709406514     
  0.370149747049855     
  0.370149747066502     
  2.250567382619140E-003
 -7.035992121537642E-002
  0.991827643397168     
 -0.568769450157143     
  2.250567398436321E-003
 -7.035992122245137E-002
  0.991827643413821     
 -0.568769450165771     
