  0.348533327200786     
 -1.609459738610423E-003
 -0.535866602581861     
  0.261168537048552     
  6.277854913708585E-002
  1.748675691049172E-002
 -0.411061715430316     
  0.537568076564090     
 -0.346195120638164     
  7.156980250420761E-002
 -5.639068435364367E-003
 -7.790906180886549E-003
 -5.291207308424390E-002
 -1.210221678691744E-003
 -0.171218043498148     
 -0.535964753313340     
 -0.269223292450442     
 -1.407469860697889E-004
  0.468454327666815     
 -0.482190187018125     
  0.108169098968662     
  0.157068775759016     
 -0.449167330513824     
 -0.282099176018690     
 -0.495995066800682     
  3.958667571579701E-002
  7.630836647702524E-002
 -0.232675454391622     
  0.156849912319015     
 -0.378009796508600     
 -0.572704856882359     
  0.281661414840223     
  0.439871627855177     
  0.599280804381854     
 -0.827943897372873     
  0.276071226606691     
  7.178206856979941E-002
   1.05904853730659     
  0.404379215412988     
 -7.225339523278793E-002
  0.584106754783142     
 -0.203817363816353     
 -0.943979435646169     
 -1.756844867073346E-002
 -0.135558288480856     
 -0.354226038345417     
 -0.473719763980539     
  0.255425288388297     
 -0.113374506165572     
  0.435323252948669     
  0.340833702620915     
  0.136291006170006     
  0.523966431341815     
  7.479772887390276E-002
  0.321830883982307     
 -0.804910368307254     
  0.460400712582462     
 -2.177655987717174E-002
  0.459903318050564     
 -0.158856159701071     
  0.100456241045307     
 -0.251003984118239     
  3.069780537203887E-003
  8.772016950670816E-002
 -0.110950608380715     
  0.173583650116972     
  0.406910280759313     
  0.405564642282371     
 -0.147948216848465     
  7.770675222202927E-003
 -0.231244823598911     
 -0.282520632180319     
  0.396027538863034     
  0.180541693457298     
  0.347191398802361     
  4.153561689064371E-002
   1.16265826247315     
 -0.148456735423223     
 -6.087392612548717E-003
 -0.254368856732156     
  0.266711953620898     
 -0.278776023848157     
 -0.158035698714597     
 -0.223000842231937     
 -0.630039623289148     
 -0.164326345919710     
 -0.217907314677524     
 -0.140983099959320     
 -0.291680133468295     
 -0.254199096300898     
 -0.134872078646501     
  0.129608157701111     
  0.798641493849111     
  0.515205840689788     
  0.227688487644519     
  0.499157673514431     
  9.294560197267115E-002
 -0.500177758575996     
  0.664942531376496     
 -1.698902419551631E-003
  8.828211370081858E-004
 -0.215567986605707     
 -0.558977260894080     
 -0.780642423363962     
 -0.412138389076616     
 -0.341686483178582     
 -8.972211375225525E-004
 -3.487143720150607E-002
 -7.011207519536855E-002
 -0.112318294356980     
  0.221310823384020     
 -0.178118488483779     
  0.118474782823033     
  2.019281482390166E-002
 -4.066719196310464E-003
  2.609572676812338E-002
  0.574681695213681     
 -0.897836469344572     
  4.305068252888607E-002
  0.120698975785085     
  0.398251679277044     
  0.769890881093009     
  0.389034146960521     
  0.126375658997797     
 -0.965593515109320     
 -1.275136139074695E-002
  0.973328264125765     
  0.375991137677248     
  7.105816723258207E-002
 -0.147344189497725     
 -0.264704302034547     
  0.214659584424610     
 -3.154709693240304E-003
 -0.319427311188322     
 -0.161290536458180     
  0.149008277987590     
 -2.451946150176912E-002
 -0.151587653625825     
  2.229310295334525E-002
  0.493704602592837     
 -9.146500632682558E-002
  0.516910766962240     
 -0.943955946735078     
 -2.973392649263653E-002
  6.511014933473752E-003
  0.553795382945943     
 -0.155524894093815     
  5.033786303953158E-002
 -0.115719756547112     
 -0.337374591017664     
 -0.169782422628091     
  0.189514905502823     
  5.227960797338062E-002
  0.328332671583196     
 -1.065641040532992E-002
 -0.163392663131134     
 -0.245894344853978     
  0.111070307787911     
  -1.03404912713661     
  0.117162484965744     
  6.176765001524148E-002
 -0.395867281670224     
 -2.731990268440304E-002
 -0.215841411431412     
  0.141608436661151     
  5.214968982407109E-002
 -0.493690249898849     
 -5.098253251617284E-002
 -2.186737075540490E-002
  0.246784478338424     
 -2.371026701798285E-002
 -3.901779369432579E-002
 -4.622491277184094E-002
  0.101888574063133     
  5.095436620212122E-002
  0.924029448638118     
 -0.314818480336127     
 -7.009465533227786E-002
 -0.171942963278815     
  7.499464324432931E-002
  0.123595602021138     
  2.092816598514746E-002
 -0.366129438856995     
  0.199041105277427     
  0.317610891575260     
 -6.447033153524597E-003
 -0.186016312383729     
 -0.158680856353475     
  0.355575698355554     
  0.101045154654000     
  0.170686266513209     
 -4.066924457078171E-002
  0.400695820598261     
 -5.597576031628054E-003
  0.131148892693514     
 -5.483818358957735E-002
  5.233597805681850E-002
  9.490988601823785E-002
 -0.791744183275754     
  3.102932076783294E-002
